0.87566759239479,POS,3329.292725,1103.083984,4222.144531,TARGET,0.000000,0.000000,-4000.000000,TARGETLOOK,0.000000,0.000000,0.000000,VELOCITY,-112.381752,18.458204,-277.542145,HEADING,-0.374606,0.061527,-0.925141,HEALTH,100.000000,SPEED,300.000000,LOOKANGLE,112.043900
0.73021637623218,POS,4565.857910,1006.208313,-3570.462891,TARGET,0.000000,0.000000,-4000.000000,TARGETLOOK,0.000000,0.000000,0.000000,VELOCITY,-295.813751,41.470158,-27.828936,HEADING,-0.986046,0.138234,-0.092763,HEALTH,100.000000,SPEED,300.000000,LOOKANGLE,174.625671
0.86431470686972,POS,-4468.295410,1455.971802,-3797.505859,TARGET,0.000000,0.000000,-4000.000000,TARGETLOOK,0.000000,0.000000,0.000000,VELOCITY,299.410980,12.998590,-13.568696,HEADING,0.998037,0.043329,-0.045229,HEALTH,100.000000,SPEED,300.000000,LOOKANGLE,2.594750
0.36509292886135,POS,-4288.594238,1771.311157,-1471.757324,TARGET,0.000000,0.000000,-4000.000000,TARGETLOOK,0.000000,0.000000,0.000000,VELOCITY,258.355804,-7.391832,-152.307755,HEADING,0.861186,-0.024639,-0.507692,HEALTH,100.000000,SPEED,300.000000,LOOKANGLE,30.520504
0.33545945616016,POS,2766.040527,847.591309,1866.489502,TARGET,0.000000,0.000000,-4000.000000,TARGETLOOK,0.000000,0.000000,0.000000,VELOCITY,-126.972984,36.839378,-269.296722,HEADING,-0.423243,0.122798,-0.897656,HEALTH,100.000000,SPEED,300.000000,LOOKANGLE,115.243805
0.13281655323954,POS,-3783.062744,1592.682373,-41.574635,TARGET,0.000000,0.000000,-4000.000000,TARGETLOOK,0.000000,0.000000,0.000000,VELOCITY,207.263733,2.926744,-216.871368,HEADING,0.690879,0.009756,-0.722905,HEALTH,100.000000,SPEED,300.000000,LOOKANGLE,46.297653
0.24320200201422,POS,-2525.179199,1086.436523,-950.143066,TARGET,0.000000,0.000000,-4000.000000,TARGETLOOK,0.000000,0.000000,0.000000,VELOCITY,189.417648,42.227451,-228.774551,HEADING,0.631392,0.140758,-0.762582,HEALTH,100.000000,SPEED,300.000000,LOOKANGLE,50.376385
0.034241767632069,POS,-910.119995,922.642578,2302.397461,TARGET,0.000000,0.000000,-4000.000000,TARGETLOOK,0.000000,0.000000,0.000000,VELOCITY,42.602741,33.925030,-295.015411,HEADING,0.142009,0.113083,-0.983385,HEALTH,100.000000,SPEED,300.000000,LOOKANGLE,81.782806
0.79366435743278,POS,2981.843750,1396.767334,-3214.040771,TARGET,0.000000,0.000000,-4000.000000,TARGETLOOK,0.000000,0.000000,0.000000,VELOCITY,-289.100098,24.788523,-76.201477,HEADING,-0.963667,0.082628,-0.254005,HEALTH,100.000000,SPEED,300.000000,LOOKANGLE,165.233734
0.81972716452528,POS,4512.735840,1134.966064,4325.811523,TARGET,0.000000,0.000000,-4000.000000,TARGETLOOK,0.000000,0.000000,0.000000,VELOCITY,-142.747147,16.229929,-263.362610,HEADING,-0.475824,0.054100,-0.877875,HEALTH,100.000000,SPEED,300.000000,LOOKANGLE,118.458466
0.62883388775292,POS,-3935.487793,1678.630127,38.957813,TARGET,0.000000,0.000000,-4000.000000,TARGETLOOK,0.000000,0.000000,0.000000,VELOCITY,209.359192,-1.540667,-214.863571,HEADING,0.697864,-0.005136,-0.716212,HEALTH,100.000000,SPEED,300.000000,LOOKANGLE,45.743385
Camera,POS,0.000000,1650.222168,-4000.000000,FACING,180.000000,0.000000
SHIP,POS,-1000.000000,1500.000000,2000.000000,TARGET,0.000000,0.000000,0.000000,TARGETLOOK,0.000000,0.000000,0.000000
SHIP2,POS,1000.000000,2000.000000,-2000.000000,TARGET,0.000000,0.000000,0.000000,TARGETLOOK,0.000000,0.000000,0.000000
Player,POS,0.000000,1650.222168,-4000.000000,FRONT,-0.000000,0.000000,1.000000
