1;1,1566.92,558.643,2695.81,36.7079,0,1205.44,0,0,0,4,NPC,0.87566759239479,
1;1,3012.86,409.841,-1627.4,36.7079,0,1205.44,0,0,0,6,NPC,0.73021637623218,
1;1,-2982.1,730.457,-1816.75,36.7079,0,1205.44,0,0,0,8,NPC,0.86431470686972,
1;1,-2220.41,793.273,11.7966,36.7079,0,1205.44,0,0,0,10,NPC,0.36509292886135,
1;1,396.835,378.868,1276.87,36.7079,0,1205.44,0,0,0,12,NPC,0.33545945616016,
1;1,-1405.37,625.372,831.553,36.7079,0,1205.44,0,0,0,14,NPC,0.13281655323954,
1;1,-459.541,522.748,830.105,36.7079,0,1205.44,0,0,0,16,NPC,0.24320200201422,
1;0,-65.801,440.071,1121.3,36.7079,0,1205.44,0,0,0,18,NPC,0.034241767632069,
1;1,1691.27,324.532,-922.641,36.7079,0,1205.44,0,0,0,20,NPC,0.79366435743278,
1;1,2541.6,457.927,3065.68,36.7079,0,1205.44,0,0,0,22,NPC,0.81972716452528,
1;1,-1549.81,611.108,843.059,36.7079,0,1205.44,0,0,0,24,NPC,0.62883388775292,
1;-1,36.8301,428,1205.96,0.431186,0,1.83782,0,0,0,25,CAM,Camera,
1;-1,36.773,428,1205.72,0,0,0,0,0,0,26,PLYR,Player,
1;-1,0,0,0,0,0,0,0,0,0,27,MO,Guide,
1;0,10.533,474.706,1029.91,36.773,0,1205.72,0,0,0,28,NPC,R1,
1;-1,480,399.134,-1000,0,0,0,0,0,0,29,NPC,R2,
1;-1,-1000,1500,2000,0,0,0,0,0,0,30,PROP,SHIP,
1;-1,1000,2000,-2000,0,0,0,0,0,0,31,PROP,SHIP2,
